           1   1.3960036537465894     
           2   1.8576297635560803     
           3  0.98121389129003955     
           4   1.5260882655043220     
           5  0.91921654183671353     
           1                       NaN
           2                       NaN
           3                       NaN
           4                       NaN
           5                       NaN
           1                       NaN
           2                       NaN
           3                       NaN
           4                       NaN
           5                       NaN
           1                       NaN
           2                       NaN
           3                       NaN
           4                       NaN
           5                       NaN
           1                       NaN
           2                       NaN
           3                       NaN
           4                       NaN
           5                       NaN
           1  0.52534214813153568     
           2  0.28741931395403042     
           3  0.16907071571635951     
           4  0.10103562372880945     
           5   6.0620799508452637E-002
           1  0.52534214813153568     
           2  0.28741931395403042     
           3  0.16907071571635951     
           4  0.10103562372880945     
           5   6.0620799508452637E-002
           1  0.52534214813153568     
           2  0.28741931395403042     
           3  0.16907071571635951     
           4  0.10103562372880945     
           5   6.0620799508452637E-002
           1  0.52534214813153568     
           2  0.28741931395403042     
           3  0.16907071571635951     
           4  0.10103562372880945     
           5   6.0620799508452637E-002
           1  0.52534214813153568     
           2  0.28741931395403042     
           3  0.16907071571635951     
           4  0.10103562372880945     
           5   6.0620799508452637E-002
