           1   5677091.8173956443     
           2   13965854.775692638     
           3   2796186.6348040802     
           4   7442425.0747287236     
           5   1935783.6522917794     
           6   5474415.3245608015     
           7   1636774.5604663359     
           8   4763551.3585169408     
           9   1688001.9661030734     
          10   4750249.3158155512     
          11   1681866.5573310645     
          12   4787597.7900523478     
          13   1691711.1965829777     
          14   4977737.1219205512     
          15   1754369.0741687114     
          16   5720079.6029640585     
          17   2032456.4390556661     
          18   8725199.9277541451     
          19   3229124.2942361874     
          20   20724483.454484507     
          21   7928084.5280727288     
          22   62489524.924525149     
          23   24092912.948304899     
          24   203300946.68441159     
          25   78132132.041774854     
          26   873210516.07241261     
          27   331295747.29113495     
          28   554534187379.67664     
          29   203831090398.79056     
          30   591138442028.79871     
          31   194869007771.51764     
          32   77470931198.291122     
          33   53064858546.079117     
          34   322467130461.64252     
          35   222131127924.81104     
          36   2425477033665.4951     
          37   1616629065392.7434     
          38   1381291039418.3213     
          39   461649703667.54852     
          40   625816264718.66174     
          41   97410933439.777679     
          42   247638084616.03366     
          43   30540891973.689838     
          44   78426644072.305801     
          45   10362742324.132187     
          46   26827633715.875546     
          47   3626825062.8443718     
          48   9071756833.4064083     
          49   1277116054.8266141     
          50   2813675417.5218039     
          51   449265962.77473801     
          52   486510099.35831171     
          53   224513478.34938967     
          54   547884772.91483808     
          55   253223567.66121557     
          56   627491903.44411314     
          57   290502471.60300642     
          58   741536177.75667334     
          59   343909258.53396368     
          60   936734486.25343573     
          61   435207683.07714564     
          62   1437468069.2836485     
          63   668863177.31281590     
          64   16094273145.549149     
          65   7240301550.0532293     
          66   6598074968.5898848     
          67   3481150183.0045853     
          68   2175372261.1083593     
          69   1769427222.7980039     
          70   2907352986.9775190     
          71   2373632542.7569666     
          72   6095587513.3350744     
          73   4970494678.0476313     
          74   2385971067.1741648     
          75   4100842726.3875041     
          76   498255554.93585688     
          77   1061430766.3821414     
          78   398372737.71960950     
          79   860811142.34382665     
          80   306034270.75604862     
          81   661698343.14127731     
          82   226431473.72964525     
          83   489658660.67887920     
          84   164924784.03260541     
          85   356985591.61931264     
          86   119760816.23340616     
          87   259614905.24618492     
          88   87212583.321196467     
          89   189387051.88974074     
          90   63845814.324454106     
          91   138902074.78239232     
          92   47033539.407556064     
          93   102519893.67759132     
          94   34878569.745476097     
          95   76171991.203037992     
          96   26039756.663408451     
          97   56980002.683515616     
          98   19572929.632776655     
          99   42915134.552658044     
         100   14812358.697707856     
