           1   1.1150960740303395     
           2   1.0809653363236675     
           3   1.0482786838847178     
           4   1.0169618057708536     
           5  0.98694707717696883     
           6  0.95817038958076417     
           7  0.93057097045991821     
           8  0.90409121193243169     
           9  0.87867650786671858     
          10  0.85427509903527377     
          11  0.83083792591119277     
          12  0.80831848873050283     
          13  0.78667271446528653     
          14  0.76585883037300262     
          15  0.74583724380634520     
          16  0.72657042798549765     
          17  0.70802281345084717     
          18  0.69016068492920668     
          19  0.67295208336044166     
          20  0.65636671284421544     
          21  0.64037585227842420     
          22  0.62495227147189381     
          23  0.61007015152411792     
          24  0.59570500927432313     
          25  0.58183362563101526     
          26  0.56843397760145276     
          27  0.55548517384828944     
          28  0.54296739360795399     
          29  0.53086182881226940     
          30  0.51915062926138300     
          31  0.50781685070232663     
          32  0.49684440567349092     
          33  0.48621801698100547     
          34  0.47592317367849096     
          35  0.46594608942692017     
          36  0.45627366311640138     
          37  0.44689344163660027     
          38  0.43779358468725682     
          39  0.42896283152484327     
          40  0.42039046954585008     
          41  0.41206630461149601     
          42  0.40398063302283066     
          43  0.39612421505924278     
          44  0.38848824999730674     
          45  0.38106435253069620     
          46  0.37384453051556749     
          47  0.36682116396936759     
          48  0.35998698525446010     
          49  0.35333506038127399     
          50  0.34685877136888377     
          51  0.34055179960401022     
          52  0.33440811014240079     
          53  0.32842193689940191     
          54  0.32258776867927869     
          55  0.31690033599546852     
          56  0.31135459863647741     
          57  0.30594573393454222     
          58  0.30066912569649407     
          59  0.29552035375846314     
          60  0.29049518412817321     
          61  0.28558955968058430     
          62  0.28079959137455351     
          63  0.27612154996000804     
          64  0.27155185814685523     
          65  0.26708708320850105     
          66  0.26272392999440952     
          67  0.25845923432761875     
          68  0.25428995676453159     
          69  0.25021317669563042     
          70  0.24622608676702226     
          71  0.24232598760391225     
          72  0.23851028281822564     
          73  0.23477647428366283     
          74  0.23112215766247229     
          75  0.22754501816917339     
          76  0.22404282655735067     
          77  0.22061343531648298     
          78  0.21725477506655988     
          79  0.21396485113898381     
          80  0.21074174033295637     
          81  0.20758358783720565     
          82  0.20448860430753199     
          83  0.20145506309123065     
          84  0.19848129758999711     
          85  0.19556569875343444     
          86  0.19270671269576420     
          87  0.18990283842879468     
          88  0.18715262570462501     
          89  0.18445467296196194     
          90  0.18180762537029999     
          91  0.17921017296656486     
          92  0.17666104887914955     
          93  0.17415902763457966     
          94  0.17170292354233288     
          95  0.16929158915360790     
          96  0.16692391379009142     
          97  0.16459882213900875     
          98  0.16231527291096609     
          99  0.16007225755730034     
         100  0.15786879904384749     
         101  0.15570395067822340     
         102  0.15357679498788135     
         103  0.15148644264637140     
         104  0.14943203144537651     
         105  0.14741272531024080     
         106  0.14542771335683741     
         107  0.14347620898774624     
         108  0.14155744902582826     
         109  0.13967069288339037     
         110  0.13781522176523739     
         111  0.13599033790400247     
         112  0.13419536382623612     
         113  0.13242964164781837     
         114  0.13069253239733702     
         115  0.12898341536614796     
         116  0.12730168748390339     
         117  0.12564676271839817     
         118  0.12401807149864602     
         119  0.12241506016015359     
         120  0.12083719041141505     
         121  0.11928393882070006     
         122  0.11775479632225527     
         123  0.11624926774108460     
         124  0.11476687133551518     
         125  0.11330713835679575     
         126  0.11186961262501126     
         127  0.11045385012063287     
         128  0.10905941859105518     
         129  0.10768589717150429     
         130  0.10633287601972903     
         131  0.10499995596391624     
         132  0.10368674816329637     
         133  0.10239287378093119     
         134  0.10111796366819838     
         135   9.9861658060509909E-002
         136   9.8623606283822343E-002
         137   9.7403466471516695E-002
         138   9.6200905291244462E-002
         139   9.5015597681354133E-002
         140   9.3847226596529359E-002
         141   9.2695482762286077E-002
         142   9.1560064437990876E-002
         143   9.0440677188077287E-002
         144   8.9337033661150714E-002
         145   8.8248853376685324E-002
         146   8.7175862519028660E-002
         147   8.6117793738441931E-002
         148   8.5074385958914436E-002
         149   8.4045384192501849E-002
         150   8.3030539359947947E-002
         151   8.2029608117359223E-002
         152   8.1042352688710878E-002
         153   8.0068540703971597E-002
         154   7.9107945042643138E-002
         155   7.8160343682518368E-002
         156   7.7225519553469360E-002
         157   7.6303260396084621E-002
         158   7.5393358624981074E-002
         159   7.4495611196623582E-002
         160   7.3609819481491104E-002
         161   7.2735789140434451E-002
         162   7.1873330005076966E-002
         163   7.1022255962114714E-002
         164   7.0182384841378301E-002
         165   6.9353538307523652E-002
         166   6.8535541755224014E-002
         167   6.7728224207740217E-002
         168   6.6931418218750788E-002
         169   6.6144959777327886E-002
         170   6.5368688215949308E-002
         171   6.4602446121440768E-002
         172   6.3846079248746579E-002
         173   6.3099436437430642E-002
         174   6.2362369530813082E-002
         175   6.1634733297651581E-002
         176   6.0916385356279384E-002
         177   6.0207186101115612E-002
         178   5.9506998631466121E-002
         179   5.8815688682536428E-002
         180   5.8133124558580829E-002
         181   5.7459177068114764E-002
         182   5.6793719461119913E-002
         183   5.6136627368174159E-002
         184   5.5487778741440986E-002
         185   5.4847053797455053E-002
         186   5.4214334961643233E-002
         187   5.3589506814522264E-002
         188   5.2972456039516468E-002
         189   5.2363071372340905E-002
         190   5.1761243551897269E-002
         191   5.1166865272631756E-002
         192   5.0579831138305872E-002
         193   5.0000037617132904E-002
         194   4.9427382998234445E-002
         195   4.8861767349372975E-002
         196   4.8303092475918095E-002
         197   4.7751261881005369E-002
         198   4.7206180726848325E-002
         199   4.6667755797165457E-002
         200   4.6135895460685486E-002
         201   4.5610509635695289E-002
         202   4.5091509755596330E-002
         203   4.4578808735436508E-002
         204   4.4072320939385436E-002
         205   4.3571962149122477E-002
         206   4.3077649533107797E-002
         207   4.2589301616707625E-002
         208   4.2106838253146261E-002
         209   4.1630180595257860E-002
         210   4.1159251068012430E-002
         211   4.0693973341790930E-002
         212   4.0234272306385661E-002
         213   3.9780074045702482E-002
         214   3.9331305813142724E-002
         215   3.8887896007642947E-002
         216   3.8449774150351772E-002
         217   3.8016870861923645E-002
         218   3.7589117840409976E-002
         219   3.7166447839728937E-002
         220   3.6748794648695703E-002
         221   3.6336093070595675E-002
         222   3.5928278903283671E-002
         223   3.5525288919792848E-002
         224   3.5127060849437418E-002
         225   3.4733533359394039E-002
         226   3.4344646036747084E-002
         227   3.3960339370983555E-002
         228   3.3580554736923902E-002
         229   3.3205234378075515E-002
         230   3.2834321390395937E-002
         231   3.2467759706453561E-002
         232   3.2105494079973686E-002
         233   3.1747470070758461E-002
         234   3.1393634029969454E-002
         235   3.1043933085762122E-002
         236   3.0698315129261675E-002
         237   3.0356728800870220E-002
         238   3.0019123476895511E-002
         239   2.9685449256491799E-002
         240   2.9355656948903675E-002
         241   2.9029698061004115E-002
         242   2.8707524785118198E-002
         243   2.8389089987124236E-002
         244   2.8074347194824364E-002
         245   2.7763250586576884E-002
         246   2.7455754980182906E-002
         247   2.7151815822020076E-002
         248   2.6851389176416440E-002
         249   2.6554431715257662E-002
         250   2.6260900707821114E-002
         251   2.5970754010830502E-002
         252   2.5683950058724904E-002
         253   2.5400447854136386E-002
         254   2.5120206958570365E-002
         255   2.4843187483283284E-002
         256   2.4569350080352183E-002
         257   2.4298655933931008E-002
         258   2.4031066751688642E-002
         259   2.3766544756423764E-002
         260   2.3505052677851874E-002
         261   2.3246553744559886E-002
         262   2.2991011676123930E-002
         263   2.2738390675386033E-002
         264   2.2488655420885559E-002
         265   2.2241771059441428E-002
         266   2.1997703198881172E-002
         267   2.1756417900913125E-002
         268   2.1517881674138043E-002
         269   2.1282061467196661E-002
         270   2.1048924662049735E-002
         271   2.0818439067387257E-002
         272   2.0590572912163631E-002
         273   2.0365294839255657E-002
         274   2.0142573899240349E-002
         275   1.9922379544289593E-002
         276   1.9704681622178838E-002
         277   1.9489450370407030E-002
         278   1.9276656410425141E-002
         279   1.9066270741970665E-002
         280   1.8858264737505563E-002
         281   1.8652610136755229E-002
         282   1.8449279041346061E-002
         283   1.8248243909539386E-002
         284   1.8049477551059432E-002
         285   1.7852953122013251E-002
         286   1.7658644119900375E-002
         287   1.7466524378710296E-002
         288   1.7276568064105626E-002
         289   1.7088749668689115E-002
         290   1.6903044007352600E-002
         291   1.6719426212706060E-002
         292   1.6537871730584991E-002
         293   1.6358356315634412E-002
         294   1.6180856026967790E-002
         295   1.6005347223899249E-002
         296   1.5831806561747507E-002
         297   1.5660210987709991E-002
         298   1.5490537736805580E-002
         299   1.5322764327884599E-002
         300   1.5156868559704573E-002
         301   1.4992828507070401E-002
         302   1.4830622517037576E-002
         303   1.4670229205177176E-002
         304   1.4511627451901305E-002
         305   1.4354796398847798E-002
         306   1.4199715445322933E-002
         307   1.4046364244800998E-002
         308   1.3894722701479572E-002
         309   1.3744770966889388E-002
         310   1.3596489436557687E-002
         311   1.3449858746724034E-002
         312   1.3304859771107513E-002
         313   1.3161473617724358E-002
         314   1.3019681625754965E-002
         315   1.2879465362459394E-002
         316   1.2740806620140382E-002
         317   1.2603687413152992E-002
         318   1.2468089974959967E-002
         319   1.2333996755231977E-002
         320   1.2201390416991868E-002
         321   1.2070253833802100E-002
         322   1.1940570086994598E-002
         323   1.1812322462942183E-002
         324   1.1685494450370860E-002
         325   1.1560069737712182E-002
         326   1.1436032210494974E-002
         327   1.1313365948775708E-002
         328   1.1192055224606813E-002
         329   1.1072084499542265E-002
         330   1.0953438422179758E-002
         331   1.0836101825738832E-002
         332   1.0720059725674328E-002
         333   1.0605297317324505E-002
         334   1.0491799973593265E-002
         335   1.0379553242665856E-002
         336   1.0268542845757497E-002
         337   1.0158754674894327E-002
         338   1.0050174790726151E-002
         339   9.9427894203704282E-003
         340   9.8365849552869648E-003
         341   9.7315479491828106E-003
         342   9.6276651159468186E-003
         343   9.5249233276134045E-003
         344   9.4233096123549943E-003
         345   9.3228111525026913E-003
         346   9.2234152825946963E-003
         347   9.1251094874520190E-003
         348   9.0278814002810355E-003
         349   8.9317188008024573E-003
         350   8.8366096134062638E-003
         351   8.7425419053322063E-003
         352   8.6495038848754414E-003
         353   8.5574838996169134E-003
         354   8.4664704346780646E-003
         355   8.3764521109995198E-003
         356   8.2874176836433191E-003
         357   8.1993560401183718E-003
         358   8.1122561987287262E-003
         359   8.0261073069443339E-003
         360   7.9408986397939141E-003
         361   7.8566195982796173E-003
         362   7.7732597078131122E-003
         363   7.6908086166727913E-003
         364   7.6092560944817488E-003
         365   7.5285920307062324E-003
         366   7.4488064331742279E-003
         367   7.3698894266139015E-003
         368   7.2918312512115701E-003
         369   7.2146222611889146E-003
         370   7.1382529233991509E-003
         371   7.0627138159418592E-003
         372   6.9879956267962081E-003
         373   6.9140891524722753E-003
         374   6.8409852966802194E-003
         375   6.7686750690170239E-003
         376   6.6971495836705480E-003
         377   6.6264000581406400E-003
         378   6.5564178119770561E-003
         379   6.4871942655339351E-003
         380   6.4187209387405872E-003
         381   6.3509894498883649E-003
         382   6.2839915144333684E-003
         383   6.2177189438147699E-003
         384   6.1521636442885171E-003
         385   6.0873176157762027E-003
         386   6.0231729507288761E-003
         387   5.9597218330055832E-003
         388   5.8969565367664265E-003
         389   5.8348694253799304E-003
         390   5.7734529503445106E-003
         391   5.7126996502238538E-003
         392   5.6526021495959949E-003
         393   5.5931531580159137E-003
         394   5.5343454689914450E-003
         395   5.4761719589723271E-003
         396   5.4186255863521941E-003
         397   5.3616993904833359E-003
         398   5.3053864907040412E-003
         399   5.2496800853783577E-003
         400   5.1945734509480836E-003
         401   5.1400599409968236E-003
         402   5.0861329853259555E-003
         403   5.0327860890423170E-003
         404   4.9800128316574736E-003
         405   4.9278068661983915E-003
         406   4.8761619183293713E-003
         407   4.8250717854850748E-003
         408   4.7745303360145017E-003
         409   4.7245315083357664E-003
         410   4.6750693101015161E-003
         411   4.6261378173748586E-003
         412   4.5777311738156501E-003
         413   4.5298435898770001E-003
         414   4.4824693420118565E-003
         415   4.4356027718895422E-003
         416   4.3892382856220886E-003
         417   4.3433703530002558E-003
         418   4.2979935067390968E-003
         419   4.2531023417329361E-003
         420   4.2086915143196447E-003
         421   4.1647557415540760E-003
         422   4.1212898004905490E-003
         423   4.0782885274742537E-003
         424   4.0357468174414607E-003
         425   3.9936596232284099E-003
         426   3.9520219548887800E-003
         427   3.9108288790196070E-003
         428   3.8700755180955475E-003
         429   3.8297570498113795E-003
         430   3.7898687064326230E-003
         431   3.7504057741541788E-003
         432   3.7113635924668790E-003
         433   3.6727375535318455E-003
         434   3.6345231015625493E-003
         435   3.5967157322144773E-003
         436   3.5593109919822953E-003
         437   3.5223044776044221E-003
         438   3.4856918354749097E-003
         439   3.4494687610625314E-003
         440   3.4136309983369920E-003
         441   3.3781743392021636E-003
         442   3.3430946229362512E-003
         443   3.3083877356388041E-003
         444   3.2740496096844811E-003
         445   3.2400762231834823E-003
         446   3.2064635994485621E-003
         447   3.1732078064685351E-003
         448   3.1403049563881961E-003
         449   3.1077512049945653E-003
         450   3.0755427512093813E-003
         451   3.0436758365877622E-003
         452   3.0121467448229501E-003
         453   2.9809518012570658E-003
         454   2.9500873723977950E-003
         455   2.9195498654409286E-003
         456   2.8893357277986844E-003
         457   2.8594414466337342E-003
         458   2.8298635483988629E-003
         459   2.8005985983821919E-003
         460   2.7716432002578891E-003
         461   2.7429939956423017E-003
         462   2.7146476636554394E-003
         463   2.6866009204877385E-003
         464   2.6588505189720471E-003
         465   2.6313932481607538E-003
         466   2.6042259329080056E-003
         467   2.5773454334569435E-003
         468   2.5507486450318932E-003
         469   2.5244324974354536E-003
         470   2.4983939546504123E-003
         471   2.4726300144464353E-003
         472   2.4471377079914669E-003
         473   2.4219140994677776E-003
         474   2.3969562856926093E-003
         475   2.3722613957433535E-003
         476   2.3478265905872058E-003
         477   2.3236490627152446E-003
         478   2.2997260357808746E-003
         479   2.2760547642425820E-003
         480   2.2526325330109480E-003
         481   2.2294566570998649E-003
         482   2.2065244812819050E-003
         483   2.1838333797477905E-003
         484   2.1613807557699085E-003
         485   2.1391640413698271E-003
         486   2.1171806969897591E-003
         487   2.0954282111679237E-003
         488   2.0739041002177617E-003
         489   2.0526059079109490E-003
         490   2.0315312051641696E-003
         491   2.0106775897295957E-003
         492   1.9900426858890309E-003
         493   1.9696241441516712E-003
         494   1.9494196409554391E-003
         495   1.9294268783718444E-003
         496   1.9096435838143319E-003
         497   1.8900675097500708E-003
         498   1.8706964334151421E-003
         499   1.8515281565330852E-003
         500   1.8325605050367581E-003
         501   1.8137913287934759E-003
         502   1.7952185013333816E-003
         503   1.7768399195810137E-003
         504   1.7586535035900282E-003
         505   1.7406571962810392E-003
         506   1.7228489631825371E-003
         507   1.7052267921748485E-003
         508   1.6877886932370994E-003
         509   1.6705326981971465E-003
         510   1.6534568604844380E-003
         511   1.6365592548857693E-003
         512   1.6198379773038995E-003
         513   1.6032911445189911E-003
         514   1.5869168939528400E-003
         515   1.5707133834358621E-003
         516   1.5546787909768024E-003
         517   1.5388113145351327E-003
         518   1.5231091717961061E-003
         519   1.5075705999484366E-003
         520   1.4921938554645698E-003
         521   1.4769772138835155E-003
         522   1.4619189695962089E-003
         523   1.4470174356333728E-003
         524   1.4322709434558462E-003
         525   1.4176778427473541E-003
         526   1.4032365012096848E-003
         527   1.3889453043602479E-003
         528   1.3748026553319847E-003
         529   1.3608069746756004E-003
         530   1.3469567001640913E-003
         531   1.3332502865995403E-003
         532   1.3196862056221502E-003
         533   1.3062629455214926E-003
         534   1.2929790110499401E-003
         535   1.2798329232382609E-003
         536   1.2668232192133454E-003
         537   1.2539484520180423E-003
         538   1.2412071904330762E-003
         539   1.2285980188010250E-003
         540   1.2161195368523281E-003
         541   1.2037703595333053E-003
         542   1.1915491168361587E-003
         543   1.1794544536309376E-003
         544   1.1674850294994378E-003
         545   1.1556395185710186E-003
         546   1.1439166093603070E-003
         547   1.1323150046067749E-003
         548   1.1208334211161590E-003
         549   1.1094705896037070E-003
         550   1.0982252545392256E-003
         551   1.0870961739939096E-003
         552   1.0760821194889308E-003
         553   1.0651818758457652E-003
         554   1.0543942410382392E-003
         555   1.0437180260462727E-003
         556   1.0331520547112994E-003
         557   1.0226951635933451E-003
         558   1.0123462018297438E-003
         559   1.0021040309954716E-003
         560   9.9196752496507972E-004
