        1000                  Infinity
        1000                  Infinity
        1000                  Infinity
           8   1.3575686486560793E-004
           8   1.3575686486560793E-004
           6   8.6748427606785840E-005
           6   8.6748427606785840E-005
           6   8.6748427606785840E-005
           6   8.6748427606785840E-005
           6   8.6748427606785840E-005
           9   9.9650449801111284E-005
           6   8.6748427606785840E-005
           6   8.6748427606785840E-005
           6   8.6748427606785840E-005
           6   8.6748427606785840E-005
           6   8.6748427606785840E-005
           6   8.6748427606785840E-005
           7   2.2833318181667789E-004
           7   2.2833318181667789E-004
        1000                  Infinity
        1000                  Infinity
        1000                  Infinity
        1000                  Infinity
        1000                  Infinity
        1000                  Infinity
        1000                  Infinity
        1000                  Infinity
        1000                  Infinity
         122   9.7473521836497455E-004
         122   9.7473521836497455E-004
        1000   2.7811469815392957E+287
        1000   2.7811469815392957E+287
        1000   2.7811469815392957E+287
        1000   2.7811469815392957E+287
        1000                  Infinity
        1000                  Infinity
        1000                  Infinity
        1000                  Infinity
        1000                  Infinity
        1000                  Infinity
        1000                  Infinity
        1000                  Infinity
