           1   5650270.1110118590     
           2   13219604.379808562     
           3   3366051.9129324169     
           4   5090490.2501584571     
           5   2431511.1333409934     
           6   2537670.1090261173     
           7   1814432.7055576802     
           8   1701749.4791928830     
           9   1559505.1307194987     
          10   1535187.3041235206     
          11   1561806.4176586042     
          12   1606425.0086884049     
          13   1673312.4911401321     
          14   1739972.1271445758     
          15   1811124.6253117512     
          16   1878731.0731356605     
          17   1944655.5967350400     
          18   2006587.7382931993     
          19   2065265.6464053504     
          20   2120215.2064841390     
          21   2171835.2605744749     
          22   2220182.3533053077     
          23   2265545.3767401753     
          24   2308108.8298177165     
          25   2348107.6699780561     
          26   2385736.0343546793     
          27   2421189.0580368107     
          28   2454639.1166130994     
          29   2486247.7741476055     
          30   2516160.3762247087     
          31   2544510.1189716095     
          32   2571417.4973169593     
          33   2596992.2011708720     
          34   2621333.7301737312     
          35   2644532.5850675208     
          36   2666671.0557025224     
          37   2687824.0969776250     
          38   2708060.0401048525     
          39   2727441.2730580745     
          40   2746024.8292073286     
          41   2763862.9241736494     
          42   2781003.4296390703     
          43   2797490.2988864984     
          44   2813363.9450323540     
          45   2828661.5793168633     
          46   2843417.5128303971     
          47   2857663.4263729034     
          48   2871428.6117829229     
          49   2884740.1881282493     
          50   2897623.2955384855     
          51   2910101.2692462886     
          52   2922195.7960434961     
          53   2933927.0551256281     
          54   2945313.8450488313     
          55   2956373.6983263330     
          56   2967122.9850069950     
          57   2977577.0064221923     
          58   2987750.0801484277     
          59   2997655.6171103241     
          60   3007306.1916433992     
          61   3016713.6052415865     
          62   3025888.9446325959     
          63   3034842.6347520738     
          64   3043584.4871240524     
          65   3052123.7440993842     
          66   3060469.1193546834     
          67   3068628.8350109258     
          68   3076610.6556925657     
          69   3084421.9198142099     
          70   3092069.5683518988     
          71   3099560.1713295416     
          72   3106899.9522274905     
          73   3114094.8104993193     
          74   3121150.3423642977     
          75   3128071.8600264681     
          76   3134864.4094564891     
          77   3141532.7868592124     
          78   3148081.5539382114     
          79   3154515.0520579116     
          80   3160837.4153945809     
          81   3167052.5831589247     
          82   3173164.3109654775     
          83   3179176.1814171234     
          84   3185091.6139669586     
          85   3190913.8741141511     
          86   3196646.0819854820     
          87   3202291.2203497286     
          88   3207852.1421079985     
          89   3213331.5772994263     
          90   3218732.1396583011     
          91   3224056.3327557389     
          92   3229306.5557560944     
          93   3234485.1088160919     
          94   3239594.1981521240     
          95   3244635.9407992628     
          96   3249612.3690835992     
          97   3254525.4348278316     
          98   3259377.0133084571     
          99   3264168.9069814836     
         100   3268902.8489923151     
