 -1217077247   1.0184227299845878     
 -1217077246  0.97295033838332645     
 -1217077245  0.93278702583971895     
 -1217077244  0.89432626456993936     
 -1217077243  0.85749305933077191     
 -1217077242  0.82221638506882244     
 -1217077241  0.78842842716971395     
 -1217077240  0.75606443058604622     
 -1217077239  0.72506255646687945     
 -1217077238  0.69536374576682569     
 -1217077237  0.66691158948296980     
 -1217077236  0.63965220518608512     
 -1217077235  0.61353411952985348     
 -1217077234  0.58850815643814480     
 -1217077233  0.56452733068589367     
 -1217077232  0.54154674660378710     
 -1217077231  0.51952350165087913     
 -1217077230  0.49841659461241883     
 -1217077229  0.47818683819266494     
 -1217077228  0.45879677578428157     
 -1217077227  0.44021060220711900     
 -1217077226  0.42239408821980001     
 -1217077225  0.40531450861759349     
 -1217077224  0.38894057373959112     
 -1217077223  0.37324236421723783     
 -1217077222  0.35819126880482627     
 -1217077221  0.34375992514068132     
 -1217077220  0.32992216329544799     
 -1217077219  0.31665295197118376     
 -1217077218  0.30392834722186535     
 -1216643071   1.0184227299845878     
 -1216643070  0.97295033838332645     
 -1216643069  0.93278702583971895     
 -1216643068  0.89432626456993936     
 -1216643067  0.85749305933077191     
 -1216643066  0.82221638506882244     
 -1216643065  0.78842842716971395     
 -1216643064  0.75606443058604622     
 -1216643063  0.72506255646687945     
 -1216643062  0.69536374576682569     
 -1216643061  0.66691158948296980     
 -1216643060  0.63965220518608512     
 -1216643059  0.61353411952985348     
 -1216643058  0.58850815643814480     
 -1216643057  0.56452733068589367     
 -1216643056  0.54154674660378710     
 -1216643055  0.51952350165087913     
 -1216643054  0.49841659461241883     
 -1216643053  0.47818683819266494     
 -1216643052  0.45879677578428157     
 -1216643051  0.44021060220711900     
 -1216643050  0.42239408821980001     
 -1216643049  0.40531450861759349     
 -1216643048  0.38894057373959112     
 -1216643047  0.37324236421723783     
 -1216643046  0.35819126880482627     
 -1216643045  0.34375992514068132     
 -1216643044  0.32992216329544799     
 -1216643043  0.31665295197118376     
 -1216643042  0.30392834722186535     
 -1217499135   1.0184227299845878     
 -1217499134  0.97295033838332645     
 -1217499133  0.93278702583971895     
 -1217499132  0.89432626456993936     
 -1217499131  0.85749305933077191     
 -1217499130  0.82221638506882244     
 -1217499129  0.78842842716971395     
 -1217499128  0.75606443058604622     
 -1217499127  0.72506255646687945     
 -1217499126  0.69536374576682569     
 -1217499125  0.66691158948296980     
 -1217499124  0.63965220518608512     
 -1217499123  0.61353411952985348     
 -1217499122  0.58850815643814480     
 -1217499121  0.56452733068589367     
 -1217499120  0.54154674660378710     
 -1217499119  0.51952350165087913     
 -1217499118  0.49841659461241883     
 -1217499117  0.47818683819266494     
 -1217499116  0.45879677578428157     
 -1217499115  0.44021060220711900     
 -1217499114  0.42239408821980001     
 -1217499113  0.40531450861759349     
 -1217499112  0.38894057373959112     
 -1217499111  0.37324236421723783     
 -1217499110  0.35819126880482627     
 -1217499109  0.34375992514068132     
 -1217499108  0.32992216329544799     
 -1217499107  0.31665295197118376     
 -1217499106  0.30392834722186535     
 -1217331199  0.11795812742161994     
 -1216663551  0.11795812742161994     
 -1217671167   8.1250797399654837E-002
 -1217196031   8.1250797399654837E-002
 -1217511423   8.1250797399654837E-002
 -1217642495   8.1250797399654837E-002
 -1216724991   8.1250797399654837E-002
 -1217290239  0.10976985392686890     
