           1   1.1150932750895590     
           2   1.0809658384035365     
           3   1.0482796266117569     
           4   1.0169632818257583     
           5  0.98694915852807752     
           6  0.95817313057315268     
           7  0.93057441049528777     
           8  0.90409537779150961     
           9  0.87868141571942693     
          10  0.85428075617828314     
          11  0.83084433226754495     
          12  0.80832563814167446     
          13  0.78668059580228966     
          14  0.76586742848981815     
          15  0.74584654035608700     
          16  0.72658040211717223     
          17  0.70803344240234978     
          18  0.69017194453024511     
          19  0.67296394845736918     
          20  0.65637915765725396     
          21  0.64038885070044116     
          22  0.62496579731674051     
          23  0.61008417873152276     
          24  0.59571951207744311     
          25  0.58184857869196360     
          26  0.56844935611944036     
          27  0.55550095364441032     
          28  0.54298355119011943     
          29  0.53087834142333334     
          30  0.51916747491309279     
          31  0.50783400819738045     
          32  0.49686185461767174     
          33  0.48623573778708773     
          34  0.47594114756338146     
          35  0.46596429840328518     
          36  0.45629208997985166     
          37  0.44691206994934901     
          38  0.43781239875902822     
          39  0.42898181639168992     
          40  0.42040961094743562     
          41  0.41208558896730973     
          42  0.40400004740772294     
          43  0.39614374717860562     
          44  0.38850788816216542     
          45  0.38108408563292923     
          46  0.37386434800343021     
          47  0.36684105582346044     
          48  0.36000694196424937     
          49  0.35335507292225071     
          50  0.34687883118042195     
          51  0.34057189856796943     
          52  0.33442824056250164     
          53  0.32844209148139147     
          54  0.32260794051189229     
          55  0.31692051853218572     
          56  0.31137478567806337     
          57  0.30596591961236097     
          58  0.30068930445657488     
          59  0.29554052034629874     
          60  0.29051533357422660     
          61  0.28560968728647790     
          62  0.28081969269991514     
          63  0.27614162080994586     
          64  0.27157189456003539     
          65  0.26710708144579964     
          66  0.26274388652811365     
          67  0.25847914583114906     
          68  0.25430982010266173     
          69  0.25023298891517859     
          70  0.24624584508799122     
          71  0.24234568941105455     
          72  0.23852992565301323     
          73  0.23479605583663951     
          74  0.23114167576597003     
          75  0.22756447079037315     
          76  0.22406221179167074     
          77  0.22063275138127753     
          78  0.21727402029511236     
          79  0.21398402397478011     
          80  0.21076083932422368     
          81  0.20760261163170401     
          82  0.20450755164758583     
          83  0.20147393280898862     
          84  0.19850008860290944     
          85  0.19558441005993710     
          86  0.19272534337116023     
          87  0.18992138762132341     
          88  0.18717109263171050     
          89  0.18447305690663268     
          90  0.18182592567777142     
          91  0.17922838904097829     
          92  0.17667918018045986     
          93  0.17417707367558571     
          94  0.17172088388584406     
          95  0.16930946340974118     
          96  0.16694170161369334     
          97  0.16461652322719686     
          98  0.16233288700078491     
          99  0.16008978442348701     
         100  0.15788623849670266     
         101  0.15572130256158273     
         102  0.15359405917718366     
         103  0.15150361904681944     
         104  0.14944911999018640     
         105  0.14742972595897658     
         106  0.14544462609382727     
         107  0.14349303382057696     
         108  0.14157418598391436     
         109  0.13968734201661556     
         110  0.13783178314266459     
         111  0.13600681161264991     
         112  0.13421174996991664     
         113  0.13244594034603938     
         114  0.13070874378425831     
         115  0.12899953958959512     
         116  0.12731772470443425     
         117  0.12566271310842023     
         118  0.12403393524158227     
         119  0.12243083744965493     
         120  0.12085288145061709     
         121  0.11929954382152226     
         122  0.11777031550474068     
         123  0.11626470133277809     
         124  0.11478221957087870     
         125  0.11332240147665851     
         126  0.11188479087605363     
         127  0.11046894375490195     
         128  0.10907442786551090     
         129  0.10770082234759422     
         130  0.10634771736299076     
         131  0.10501471374360573     
         132  0.10370142265204116     
         133  0.10240746525440705     
         134  0.10113247240482823     
         135   9.9876084341183849E-002
         136   9.8637950391637710E-002
         137   9.7417728691536976E-002
         138   9.6215085910276096E-002
         139   9.5029696987740206E-002
         140   9.3861244879959269E-002
         141   9.2709420313620186E-002
         142   9.1573921549099296E-002
         143   9.0454454151692051E-002
         144   8.9350730770730510E-002
         145   8.8262470926291858E-002
         146   8.7189400803214287E-002
         147   8.6131253052147402E-002
         148   8.5087766597376532E-002
         149   8.4058686451169984E-002
         150   8.3043763534409301E-002
         151   8.2042754503271711E-002
         152   8.1055421581743475E-002
         153   8.0081532399751618E-002
         154   7.9120859836709717E-002
         155   7.8173181870281896E-002
         156   7.7238281430176428E-002
         157   7.6315946256787878E-002
         158   7.5405968764513776E-002
         159   7.4508145909578424E-002
         160   7.3622279062202894E-002
         161   7.2748173882966422E-002
         162   7.1885640203210338E-002
         163   7.1034491909341135E-002
         164   7.0194546830895113E-002
         165   6.9365626632231406E-002
         166   6.8547556707726318E-002
         167   6.7740166080345429E-002
         168   6.6943287303475429E-002
         169   6.6156756365901612E-002
         170   6.5380412599821192E-002
         171   6.4614098591786712E-002
         172   6.3857660096477753E-002
         173   6.3110945953202685E-002
         174   6.2373808005036079E-002
         175   6.1646101020500464E-002
         176   6.0927682617704912E-002
         177   6.0218413190855538E-002
         178   5.9518155839056633E-002
         179   5.8826776297323663E-002
         180   5.8144142869732435E-002
         181   5.7470126364631398E-002
         182   5.6804600031846578E-002
         183   5.6147439501811378E-002
         184   5.5498522726555650E-002
         185   5.4857729922491008E-002
         186   5.4224943514931463E-002
         187   5.3600048084290655E-002
         188   5.2982930313899126E-002
         189   5.2373478939386979E-002
         190   5.1771584699579251E-002
         191   5.1177140288853229E-002
         192   5.0590040310908677E-002
         193   5.0010181233903717E-002
         194   4.9437461346910773E-002
         195   4.8871780717648486E-002
         196   4.8313041151447370E-002
         197   4.7761146151407932E-002
         198   4.7216000879712124E-002
         199   4.6677512120049648E-002
         200   4.6145588241122554E-002
         201   4.5620139161192577E-002
         202   4.5101076313636905E-002
         203   4.4588312613479349E-002
         204   4.4081762424865042E-002
         205   4.3581341529447870E-002
         206   4.3086967095660830E-002
         207   4.2598557648840796E-002
         208   4.2116033042179833E-002
         209   4.1639314428476487E-002
         210   4.1168324232661153E-002
         211   4.0702986125070707E-002
         212   4.0243224995448246E-002
         213   3.9788966927644900E-002
         214   3.9340139175001149E-002
         215   3.8896670136386147E-002
         216   3.8458489332874074E-002
         217   3.8025527385037429E-002
         218   3.7597715990837742E-002
         219   3.7174987904094937E-002
         220   3.6757276913517198E-002
         221   3.6344517822273777E-002
         222   3.5936646428093848E-002
         223   3.5533599503875038E-002
         224   3.5135314778785821E-002
         225   3.4741730919846642E-002
         226   3.4352787513974789E-002
         227   3.3968425050479131E-002
         228   3.3588584903990602E-002
         229   3.3213209317815448E-002
         230   3.2842241387698257E-002
         231   3.2475625045982372E-002
         232   3.2113305046155803E-002
         233   3.1755226947770950E-002
         234   3.1401337101727017E-002
         235   3.1051582635904341E-002
         236   3.0705911441140075E-002
         237   3.0364272157535264E-002
         238   3.0026614161083428E-002
         239   2.9692887550611356E-002
         240   2.9363043135022835E-002
         241   2.9037032420836655E-002
         242   2.8714807600010238E-002
         243   2.8396321538040743E-002
         244   2.8081527762335606E-002
         245   2.7770380450844876E-002
         246   2.7462834420947841E-002
         247   2.7158845118586752E-002
         248   2.6858368607640699E-002
         249   2.6561361559532849E-002
         250   2.6267781243064576E-002
         251   2.5977585514470103E-002
         252   2.5690732807685617E-002
         253   2.5407182124826927E-002
         254   2.5126893026869893E-002
         255   2.4849825624528178E-002
         256   2.4575940569322906E-002
         257   2.4305199044839063E-002
         258   2.4037562758163607E-002
         259   2.3772993931500438E-002
         260   2.3511455293957553E-002
         261   2.3252910073501724E-002
         262   2.2997321989076450E-002
         263   2.2744655242878740E-002
         264   2.2494874512790704E-002
         265   2.2247944944961906E-002
         266   2.2003832146538567E-002
         267   2.1762502178535884E-002
         268   2.1523921548849825E-002
         269   2.1288057205404824E-002
         270   2.1054876529433993E-002
         271   2.0824347328888500E-002
         272   2.0596437831972899E-002
         273   2.0371116680803297E-002
         274   2.0148352925185336E-002
         275   1.9928116016509023E-002
         276   1.9710375801757607E-002
         277   1.9495102517627684E-002
         278   1.9282266784757914E-002
         279   1.9071839602063687E-002
         280   1.8863792341175273E-002
         281   1.8658096740976949E-002
         282   1.8454724902244774E-002
         283   1.8253649282380702E-002
         284   1.8054842690240741E-002
         285   1.7858278281055042E-002
         286   1.7663929551437797E-002
         287   1.7471770334484851E-002
         288   1.7281774794957096E-002
         289   1.7093917424547671E-002
         290   1.6908173037231088E-002
         291   1.6724516764692485E-002
         292   1.6542924051835207E-002
         293   1.6363370652364980E-002
         294   1.6185832624449042E-002
         295   1.6010286326448533E-002
         296   1.5836708412722635E-002
         297   1.5665075829502859E-002
         298   1.5495365810835982E-002
         299   1.5327555874594237E-002
         300   1.5161623818551241E-002
         301   1.4997547716522359E-002
         302   1.4835305914568112E-002
         303   1.4674877027259342E-002
         304   1.4516239934002841E-002
         305   1.4359373775426235E-002
         306   1.4204257949820873E-002
         307   1.4050872109641576E-002
         308   1.3899196158062092E-002
         309   1.3749210245585128E-002
         310   1.3600894766705885E-002
         311   1.3454230356628037E-002
         312   1.3309197888031114E-002
         313   1.3165778467888268E-002
         314   1.3023953434333485E-002
         315   1.2883704353577229E-002
         316   1.2745013016869632E-002
         317   1.2607861437510288E-002
         318   1.2472231847903789E-002
         319   1.2338106696660103E-002
         320   1.2205468645738987E-002
         321   1.2074300567637598E-002
         322   1.1944585542620463E-002
         323   1.1816306855991084E-002
         324   1.1689447995404358E-002
         325   1.1563992648219093E-002
         326   1.1439924698889877E-002
         327   1.1317228226397590E-002
         328   1.1195887501717855E-002
         329   1.1075886985326765E-002
         330   1.0957211324743187E-002
         331   1.0839845352107030E-002
         332   1.0723774081792821E-002
         333   1.0608982708057959E-002
         334   1.0495456602725063E-002
         335   1.0383181312897805E-002
         336   1.0272142558709648E-002
         337   1.0162326231104923E-002
         338   1.0053718389651694E-002
         339   9.9463052603858647E-003
         340   9.8400732336859781E-003
         341   9.7350088621782314E-003
         342   9.6310988586711475E-003
         343   9.5283300941194429E-003
         344   9.4266895956165754E-003
         345   9.3261645444155279E-003
         346   9.2267422739773178E-003
         347   9.1284102680468226E-003
         348   9.0311561587554275E-003
         349   8.9349677247500901E-003
         350   8.8398328893483803E-003
         351   8.7457397187190641E-003
         352   8.6526764200878341E-003
         353   8.5606313399677787E-003
         354   8.4695929624141898E-003
         355   8.3795499073033176E-003
         356   8.2904909286346980E-003
         357   8.2024049128566860E-003
         358   8.1152808772148120E-003
         359   8.0291079681226087E-003
         360   7.9438754595545710E-003
         361   7.8595727514608818E-003
         362   7.7761893682035798E-003
         363   7.6937149570138318E-003
         364   7.6121392864699862E-003
         365   7.5314522449960869E-003
         366   7.4516438393805321E-003
         367   7.3727041933145760E-003
         368   7.2946235459503631E-003
         369   7.2173922504782080E-003
         370   7.1410007727228221E-003
         371   7.0654396897582069E-003
         372   6.9906996885409269E-003
         373   6.9167715645614969E-003
         374   6.8436462205136023E-003
         375   6.7713146649808964E-003
         376   6.6997680111411020E-003
         377   6.6289974754871811E-003
         378   6.5589943765652931E-003
         379   6.4897501337293235E-003
         380   6.4212562659117182E-003
         381   6.3535043904103961E-003
         382   6.2864862216914993E-003
         383   6.2201935702077601E-003
         384   6.1546183412322462E-003
         385   6.0897525337072662E-003
         386   6.0255882391082238E-003
         387   5.9621176403221905E-003
         388   5.8993330105410061E-003
         389   5.8372267121686730E-003
         390   5.7757911957428652E-003
         391   5.7150189988703342E-003
         392   5.6549027451760240E-003
         393   5.5954351432656920E-003
         394   5.5366089857018510E-003
         395   5.4784171479928447E-003
         396   5.4208525875948680E-003
         397   5.3639083429267501E-003
         398   5.3075775323973284E-003
         399   5.2518533534452226E-003
         400   5.1967290815908571E-003
         401   5.1421980695005370E-003
         402   5.0882537460624341E-003
         403   5.0348896154742929E-003
         404   4.9820992563427207E-003
         405   4.9298763207938755E-003
         406   4.8782145335954175E-003
         407   4.8271076912895540E-003
         408   4.7765496613370309E-003
         409   4.7265343812719204E-003
         410   4.6770558578670572E-003
         411   4.6281081663099802E-003
         412   4.5796854493892264E-003
         413   4.5317819166908538E-003
         414   4.4843918438050336E-003
         415   4.4375095715425954E-003
         416   4.3911295051613751E-003
         417   4.3452461136022366E-003
         418   4.2998539287346501E-003
         419   4.2549475446116728E-003
         420   4.2105216167342323E-003
         421   4.1665708613245695E-003
         422   4.1230900546087249E-003
         423   4.0800740321079486E-003
         424   4.0375176879389116E-003
         425   3.9954159741226025E-003
         426   3.9537638999017953E-003
         427   3.9125565310669718E-003
         428   3.8717889892905880E-003
         429   3.8314564514695688E-003
         430   3.7915541490759364E-003
         431   3.7520773675154447E-003
         432   3.7130214454941315E-003
         433   3.6743817743926724E-003
         434   3.6361537976484408E-003
         435   3.5983330101451712E-003
         436   3.5609149576101193E-003
         437   3.5238952360186356E-003
         438   3.4872694910060356E-003
         439   3.4510334172866892E-003
         440   3.4151827580802259E-003
         441   3.3797133045447617E-003
         442   3.3446208952170619E-003
         443   3.3099014154595470E-003
         444   3.2755507969140503E-003
         445   3.2415650169622433E-003
         446   3.2079400981926414E-003
         447   3.1746721078741032E-003
         448   3.1417571574357409E-003
         449   3.1091914019531590E-003
         450   3.0769710396409394E-003
         451   3.0450923113512899E-003
         452   3.0135515000787832E-003
         453   2.9823449304711017E-003
         454   2.9514689683457110E-003
         455   2.9209200202123934E-003
         456   2.8906945328015573E-003
         457   2.8607889925982536E-003
         458   2.8311999253818254E-003
         459   2.8019238957711170E-003
         460   2.7729575067751764E-003
         461   2.7442973993493727E-003
         462   2.7159402519568686E-003
         463   2.6878827801353738E-003
         464   2.6601217360691146E-003
         465   2.6326539081659517E-003
         466   2.6054761206395854E-003
         467   2.5785852330967767E-003
         468   2.5519781401295264E-003
         469   2.5256517709121473E-003
         470   2.4996030888031688E-003
         471   2.4738290909520114E-003
         472   2.4483268079103699E-003
         473   2.4230933032482532E-003
         474   2.3981256731746082E-003
         475   2.3734210461624867E-003
         476   2.3489765825786858E-003
         477   2.3247894743178088E-003
         478   2.3008569444406962E-003
         479   2.2771762468171636E-003
         480   2.2537446657730008E-003
         481   2.2305595157411733E-003
         482   2.2076181409171731E-003
         483   2.1849179149184741E-003
         484   2.1624562404480305E-003
         485   2.1402305489617796E-003
         486   2.1182383003400846E-003
         487   2.0964769825630837E-003
         488   2.0749441113898878E-003
         489   2.0536372300415761E-003
         490   2.0325539088879565E-003
         491   2.0116917451380237E-003
         492   1.9910483625340900E-003
         493   1.9706214110495270E-003
         494   1.9504085665900839E-003
         495   1.9304075306987309E-003
         496   1.9106160302639907E-003
         497   1.8910318172317092E-003
         498   1.8716526683202272E-003
         499   1.8524763847389085E-003
         500   1.8335007919099847E-003
         501   1.8147237391936740E-003
         502   1.7961430996165364E-003
         503   1.7777567696030236E-003
         504   1.7595626687101824E-003
         505   1.7415587393654795E-003
         506   1.7237429466077008E-003
         507   1.7061132778308939E-003
         508   1.6886677425313153E-003
         509   1.6714043720573416E-003
         510   1.6543212193623144E-003
         511   1.6374163587602776E-003
         512   1.6206878856845767E-003
         513   1.6041339164492802E-003
         514   1.5877525880133925E-003
         515   1.5715420577478230E-003
         516   1.5555005032050764E-003
         517   1.5396261218916330E-003
         518   1.5239171310429864E-003
         519   1.5083717674013045E-003
         520   1.4929882869956831E-003
         521   1.4777649649249593E-003
         522   1.4627000951430572E-003
         523   1.4477919902468311E-003
         524   1.4330389812663759E-003
         525   1.4184394174577802E-003
         526   1.4039916660982857E-003
         527   1.3896941122838280E-003
         528   1.3755451587289282E-003
         529   1.3615432255689080E-003
         530   1.3476867501643996E-003
         531   1.3339741869081239E-003
         532   1.3204040070339052E-003
         533   1.3069746984279036E-003
         534   1.2936847654420292E-003
         535   1.2805327287095196E-003
         536   1.2675171249626486E-003
         537   1.2546365068525449E-003
         538   1.2418894427710934E-003
         539   1.2292745166748937E-003
         540   1.2167903279112521E-003
         541   1.2044354910461833E-003
         542   1.1922086356943944E-003
         543   1.1801084063512329E-003
         544   1.1681334622265695E-003
         545   1.1562824770805968E-003
         546   1.1445541390615180E-003
         547   1.1329471505451057E-003
         548   1.1214602279761058E-003
         549   1.1100921017114661E-003
         550   1.0988415158653681E-003
         551   1.0877072281560392E-003
         552   1.0766880097543244E-003
         553   1.0657826451339978E-003
         554   1.0549899319237904E-003
         555   1.0443086807611186E-003
         556   1.0337377151474867E-003
         557   1.0232758713055496E-003
         558   1.0129219980378112E-003
         559   1.0026749565869438E-003
         560   9.9253362049770300E-004
