           1   10.328922694032576     
           2   7.4946878385082734     
           3   5.6372075381750966     
           4   4.2870366694074153     
           5   3.2786928088760527     
           6   2.5174242625520042     
           7   1.9388081368726495     
           8   1.4968324598593790     
           9   1.1579448963109860     
          10  0.89734106468876151     
          11  0.69648760458864778     
          12  0.54141910190846587     
          13  0.42154157328005948     
          14  0.32877624564389757     
          15  0.25693706744043737     
          16  0.20127204992605371     
          17  0.15812155890009763     
          18  0.12466143875850097     
          19   9.8708523004271062E-002
          20   7.8572564796728264E-002
          21   6.2943057375485334E-002
          22   5.0802511965472398E-002
          23   4.1359955121858236E-002
          24   3.3999968880859738E-002
          25   2.8243700308138806E-002
          26   2.3719040954413045E-002
          27   2.0137735899924087E-002
          28   1.7277631180686832E-002
          29   1.4968680132802177E-002
          30   1.3081720627914281E-002
          31   1.1519374665065888E-002
          32   1.0208668200479979E-002
          33   9.0951097477408854E-003
          34   8.1380240873431108E-003
          35   7.3069514221711096E-003
          36   6.5789253310736115E-003
          37   5.9364519167089159E-003
          38   5.3660311706085770E-003
          39   4.8570865345582770E-003
          40   4.4011952265298479E-003
          41   3.9915365738271468E-003
          42   3.6224965162236626E-003
          43   3.2893831144212666E-003
          44   2.9882206204670573E-003
          45   2.7155990766399201E-003
          46   2.4685632170065247E-003
          47   2.2445292939828848E-003
          48   2.0412218672695845E-003
          49   1.8566249806332921E-003
          50   1.6889438146591355E-003
          51   1.5365740587804026E-003
          52   1.3980770483943386E-003
          53   1.2721592712428807E-003
          54   1.1576552369415934E-003
          55   1.0535129767481795E-003
          56   9.5878163331275187E-004
